[1, 578, 108, 337, 108, 317, 114]
[2, 204, 388, 514, 29, 179, 50]
[3, 139, 292, 205, 357, 597, 432]
[4, 435, 729, 743, 480, 435, 351]
[5, 699, 55, 397, 199, 520, 189]
[6, 459, 112, 331, 708, 405, 66]
[7, 219, 24, 27, 195, 139, 639]
[8, 389, 341, 279, 23, 713, 322]
[9, 476, 557, 138, 270, 121, 737]
[10, 534, 9, 476, 296, 504, 682]
[11, 520, 180, 524, 592, 60, 364]
[12, 363, 665, 31, 411, 322, 8]
[13, 654, 190, 154, 604, 787, 735]
[14, 480, 265, 444, 350, 243, 423]
[15, 18, 325, 780, 17, 689, 700]
[16, 347, 409, 19, 495, 224, 48]
[17, 55, 397, 5, 689, 15, 397]
[18, 315, 15, 780, 465, 178, 603]
[19, 708, 409, 149, 155, 64, 596]
[20, 353, 511, 518, 516, 683, 525]
[21, 262, 334, 343, 498, 539, 271]
[22, 256, 738, 732, 212, 576, 215]
[23, 703, 436, 667, 713, 8, 322]
[24, 219, 31, 7, 355, 191, 702]
[25, 641, 571, 582, 48, 224, 599]
[26, 89, 99, 308, 414, 239, 505]
[27, 540, 182, 531, 421, 91, 47]
[28, 244, 426, 320, 365, 507, 393]
[29, 500, 38, 36, 2, 179, 132]
[30, 627, 393, 446, 666, 241, 751]
[31, 219, 24, 182, 328, 529, 188]
[32, 685, 341, 410, 113, 591, 80]
[33, 728, 129, 592, 136, 326, 473]
[34, 261, 313, 183, 58, 97, 375]
[35, 547, 577, 722, 366, 578, 100]
[36, 38, 500, 29, 777, 90, 388]
[37, 45, 76, 543, 775, 279, 613]
[38, 29, 500, 36, 399, 132, 324]
[39, 377, 362, 702, 667, 443, 115]
[40, 595, 449, 584, 211, 595, 771]
[41, 384, 800, 806, 510, 151, 659]
[42, 462, 286, 556, 560, 390, 412]
[43, 79, 794, 666, 202, 728, 674]
[44, 637, 120, 245, 549, 71, 535]
[45, 37, 76, 543, 76, 294, 569]
[46, 97, 669, 794, 688, 621, 375]
[47, 712, 760, 463, 27, 421, 91]
[48, 275, 238, 538, 25, 224, 599]
[49, 190, 661, 430, 246, 190, 125]
[50, 51, 140, 536, 179, 362, 293]
[51, 50, 140, 536, 80, 476, 460]
[52, 229, 215, 694, 778, 654, 502]
[53, 545, 214, 390, 229, 376, 277]
[54, 296, 463, 314, 499, 207, 272]
[55, 5, 699, 397, 644, 198, 318]
[56, 185, 657, 150, 522, 741, 415]
[57, 513, 316, 326, 326, 519, 33]
[58, 83, 580, 225, 34, 375, 621]
[59, 307, 295, 518, 363, 436, 119]
[60, 248, 602, 134, 789, 466, 551]
[61, 515, 791, 267, 753, 449, 634]
[62, 709, 331, 459, 338, 433, 736]
[63, 187, 756, 253, 333, 657, 692]
[64, 546, 653, 159, 19, 155, 596]
[65, 697, 332, 631, 434, 394, 647]
[66, 451, 785, 105, 770, 6, 708]
[67, 668, 245, 347, 79, 209, 627]
[68, 256, 22, 738, 263, 95, 788]
[69, 424, 564, 391, 720, 150, 439]
[70, 135, 78, 224, 163, 406, 345]
[71, 133, 550, 728, 549, 44, 535]
[72, 470, 756, 253, 706, 280, 254]
[73, 240, 801, 603, 395, 407, 612]
[74, 308, 358, 755, 663, 147, 146]
[75, 215, 608, 439, 230, 733, 154]
[76, 37, 45, 355, 45, 294, 94]
[77, 742, 709, 166, 407, 801, 395]
[78, 491, 135, 631, 385, 631, 503]
[79, 794, 97, 669, 316, 67, 684]
[80, 460, 411, 119, 51, 32, 476]
[81, 625, 679, 427, 752, 692, 657]
[82, 544, 124, 731, 217, 672, 416]
[83, 58, 216, 580, 109, 446, 704]
[84, 804, 695, 468, 716, 358, 169]
[85, 380, 542, 414, 796, 226, 106]
[86, 802, 236, 711, 653, 788, 112]
[87, 518, 326, 511, 600, 645, 467]
[88, 441, 348, 512, 726, 409, 441]
[89, 99, 787, 807, 329, 424, 99]
[90, 242, 32, 410, 777, 36, 388]
[91, 467, 120, 44, 421, 27, 47]
[92, 554, 121, 94, 557, 111, 306]
[93, 141, 528, 790, 331, 186, 198]
[94, 396, 121, 124, 294, 76, 45]
[95, 455, 550, 319, 788, 68, 86]
[96, 710, 683, 760, 513, 710, 120]
[97, 794, 46, 574, 184, 34, 58]
[98, 246, 412, 454, 281, 523, 485]
[99, 89, 787, 213, 585, 608, 424]
[100, 101, 774, 615, 517, 577, 35]
[101, 100, 615, 774, 577, 517, 100]
[102, 137, 600, 136, 314, 207, 534]
[103, 194, 574, 464, 799, 747, 745]
[104, 613, 678, 195, 247, 47, 27]
[105, 714, 785, 66, 445, 602, 379]
[106, 658, 803, 145, 226, 796, 85]
[107, 758, 505, 494, 586, 290, 624]
[108, 114, 1, 293, 1, 317, 114]
[109, 273, 258, 634, 83, 446, 704]
[110, 222, 532, 273, 630, 794, 420]
[111, 372, 344, 173, 92, 557, 173]
[112, 6, 491, 459, 303, 486, 653]
[113, 378, 200, 344, 32, 591, 344]
[114, 108, 1, 50, 1, 108, 317]
[115, 293, 191, 140, 377, 410, 685]
[116, 202, 218, 30, 530, 183, 724]
[117, 364, 394, 398, 785, 628, 149]
[118, 485, 601, 692, 488, 545, 756]
[119, 143, 514, 411, 623, 200, 514]
[120, 245, 44, 91, 710, 513, 96]
[121, 94, 396, 442, 270, 9, 344]
[122, 192, 426, 303, 641, 276, 160]
[123, 752, 250, 781, 617, 250, 781]
[124, 544, 82, 396, 636, 233, 40]
[125, 330, 741, 527, 690, 201, 391]
[126, 251, 450, 472, 546, 243, 350]
[127, 797, 747, 356, 508, 422, 790]
[128, 700, 552, 458, 240, 746, 559]
[129, 592, 728, 470, 401, 574, 660]
[130, 581, 214, 390, 779, 670, 319]
[131, 782, 730, 371, 310, 462, 606]
[132, 460, 80, 400, 38, 399, 324]
[133, 71, 728, 550, 420, 794, 630]
[134, 248, 619, 808, 660, 343, 129]
[135, 70, 78, 163, 334, 786, 258]
[136, 549, 673, 102, 473, 570, 33]
[137, 600, 102, 279, 336, 686, 177]
[138, 557, 476, 9, 173, 111, 92]
[139, 3, 292, 634, 7, 195, 518]
[140, 51, 50, 622, 536, 685, 410]
[141, 528, 93, 521, 458, 438, 402]
[142, 468, 84, 804, 193, 693, 264]
[143, 119, 686, 514, 703, 554, 665]
[144, 332, 166, 779, 701, 356, 383]
[145, 732, 798, 803, 527, 758, 766]
[146, 169, 663, 368, 658, 798, 425]
[147, 358, 505, 107, 74, 663, 475]
[148, 489, 735, 376, 386, 561, 740]
[149, 708, 445, 409, 718, 628, 785]
[150, 523, 657, 56, 439, 171, 227]
[151, 659, 154, 234, 474, 41, 664]
[152, 576, 730, 617, 255, 795, 783]
[153, 800, 384, 41, 282, 203, 698]
[154, 151, 497, 654, 733, 330, 75]
[155, 718, 300, 266, 19, 64, 596]
[156, 594, 438, 321, 213, 302, 277]
[157, 642, 370, 434, 487, 526, 251]
[158, 662, 589, 374, 589, 269, 681]
[159, 364, 117, 398, 404, 265, 172]
[160, 726, 445, 409, 808, 641, 122]
[161, 339, 425, 427, 490, 380, 148]
[162, 498, 630, 267, 273, 498, 416]
[163, 532, 135, 222, 70, 406, 345]
[164, 281, 767, 277, 302, 156, 213]
[165, 516, 116, 202, 584, 233, 637]
[166, 779, 144, 77, 548, 528, 730]
[167, 235, 186, 360, 206, 335, 332]
[168, 568, 260, 644, 662, 671, 782]
[169, 146, 193, 663, 358, 84, 716]
[170, 230, 659, 497, 806, 598, 437]
[171, 329, 255, 783, 439, 227, 150]
[172, 731, 237, 82, 440, 265, 349]
[173, 344, 113, 111, 111, 138, 92]
[174, 244, 513, 28, 696, 760, 292]
[175, 90, 242, 297, 231, 722, 774]
[176, 321, 447, 594, 256, 730, 528]
[177, 68, 342, 338, 336, 191, 137]
[178, 662, 711, 603, 18, 465, 603]
[179, 324, 667, 623, 50, 362, 2]
[180, 11, 786, 401, 743, 714, 491]
[181, 427, 249, 625, 800, 234, 489]
[182, 27, 540, 531, 272, 499, 54]
[183, 209, 484, 261, 724, 259, 309]
[184, 417, 674, 751, 97, 34, 347]
[185, 56, 382, 448, 766, 758, 427]
[186, 644, 360, 556, 198, 55, 93]
[187, 63, 756, 253, 359, 807, 509]
[188, 760, 623, 47, 529, 328, 31]
[189, 206, 739, 605, 635, 472, 360]
[190, 49, 430, 661, 632, 246, 618]
[191, 195, 211, 104, 24, 355, 177]
[192, 122, 426, 477, 503, 582, 385]
[193, 598, 284, 429, 142, 693, 380]
[194, 403, 464, 574, 403, 248, 444]
[195, 191, 211, 104, 639, 712, 7]
[196, 566, 227, 510, 509, 807, 187]
[197, 756, 592, 470, 478, 581, 431]
[198, 335, 785, 451, 186, 55, 644]
[199, 367, 280, 210, 5, 520, 189]
[200, 378, 113, 344, 514, 593, 299]
[201, 255, 783, 286, 690, 125, 391]
[202, 116, 218, 30, 43, 728, 674]
[203, 664, 579, 586, 698, 153, 282]
[204, 667, 514, 436, 537, 536, 140]
[205, 294, 553, 3, 702, 355, 24]
[206, 189, 739, 745, 335, 167, 772]
[207, 272, 289, 314, 54, 499, 102]
[208, 720, 670, 749, 253, 783, 795]
[209, 484, 183, 261, 627, 298, 763]
[210, 649, 461, 607, 346, 524, 555]
[211, 456, 195, 723, 595, 771, 40]
[212, 230, 277, 648, 22, 576, 215]
[213, 787, 807, 485, 156, 277, 376]
[214, 53, 545, 390, 53, 229, 376]
[215, 694, 439, 75, 748, 521, 576]
[216, 420, 83, 309, 762, 261, 417]
[217, 274, 449, 327, 416, 82, 273]
[218, 116, 202, 406, 456, 704, 446]
[219, 24, 31, 7, 678, 467, 645]
[220, 683, 710, 96, 511, 677, 506]
[221, 399, 616, 337, 242, 337, 388]
[222, 110, 532, 163, 723, 426, 571]
[223, 635, 488, 197, 315, 383, 568]
[224, 660, 631, 78, 48, 25, 495]
[225, 580, 271, 369, 228, 619, 614]
[226, 448, 757, 475, 106, 796, 85]
[227, 312, 196, 657, 171, 439, 150]
[228, 672, 724, 352, 225, 619, 721]
[229, 52, 694, 257, 53, 376, 277]
[230, 212, 497, 659, 75, 733, 154]
[231, 304, 306, 317, 722, 774, 175]
[232, 601, 397, 118, 739, 784, 556]
[233, 393, 627, 673, 636, 124, 40]
[234, 522, 151, 154, 489, 284, 800]
[235, 167, 186, 556, 782, 603, 662]
[236, 86, 802, 588, 450, 512, 649]
[237, 172, 731, 419, 260, 370, 405]
[238, 538, 275, 48, 643, 444, 16]
[239, 624, 282, 437, 414, 26, 505]
[240, 606, 73, 478, 746, 128, 287]
[241, 771, 298, 763, 30, 666, 751]
[242, 90, 175, 410, 337, 221, 573]
[243, 789, 629, 699, 350, 14, 126]
[244, 28, 174, 513, 673, 791, 677]
[245, 120, 44, 67, 776, 506, 453]
[246, 98, 412, 454, 49, 190, 632]
[247, 645, 504, 525, 104, 47, 27]
[248, 134, 808, 619, 313, 194, 403]
[249, 181, 427, 625, 562, 797, 494]
[250, 781, 123, 282, 781, 312, 123]
[251, 450, 555, 126, 487, 157, 526]
[252, 189, 346, 605, 784, 232, 739]
[253, 756, 187, 72, 208, 482, 694]
[254, 287, 784, 407, 736, 338, 62]
[255, 783, 201, 604, 152, 795, 783]
[256, 22, 738, 68, 176, 730, 528]
[257, 302, 458, 229, 455, 268, 454]
[258, 343, 109, 159, 786, 334, 352]
[259, 539, 621, 285, 309, 669, 369]
[260, 168, 394, 117, 237, 370, 792]
[261, 313, 34, 183, 216, 762, 417]
[262, 21, 334, 343, 133, 420, 428]
[263, 265, 14, 480, 68, 95, 512]
[264, 691, 740, 380, 381, 693, 142]
[265, 14, 263, 480, 172, 440, 159]
[266, 701, 681, 541, 687, 520, 392]
[267, 721, 498, 162, 672, 354, 82]
[268, 781, 250, 123, 454, 257, 455]
[269, 477, 793, 671, 158, 742, 589]
[270, 537, 492, 558, 9, 121, 737]
[271, 369, 225, 580, 539, 21, 498]
[272, 314, 336, 296, 182, 499, 54]
[273, 109, 634, 110, 162, 416, 498]
[274, 327, 538, 217, 675, 163, 320]
[275, 48, 538, 238, 538, 352, 258]
[276, 809, 643, 349, 122, 641, 607]
[277, 281, 648, 212, 376, 213, 229]
[278, 264, 691, 380, 804, 283, 169]
[279, 504, 600, 137, 775, 37, 613]
[280, 730, 560, 199, 706, 72, 754]
[281, 277, 164, 648, 523, 98, 485]
[282, 437, 624, 250, 153, 203, 698]
[283, 479, 338, 68, 278, 804, 169]
[284, 429, 598, 359, 489, 234, 429]
[285, 259, 570, 539, 572, 634, 753]
[286, 754, 201, 42, 431, 197, 478]
[287, 254, 784, 407, 746, 240, 128]
[288, 733, 545, 53, 567, 679, 196]
[289, 744, 355, 207, 750, 540, 3]
[290, 418, 727, 757, 586, 107, 705]
[291, 749, 715, 670, 700, 587, 610]
[292, 597, 139, 634, 712, 639, 760]
[293, 140, 51, 115, 362, 500, 50]
[294, 205, 553, 3, 94, 76, 45]
[295, 344, 59, 307, 558, 305, 299]
[296, 336, 54, 314, 10, 504, 682]
[297, 656, 759, 685, 306, 324, 557]
[298, 630, 162, 241, 627, 763, 209]
[299, 328, 616, 534, 593, 514, 200]
[300, 718, 652, 155, 451, 764, 652]
[301, 340, 583, 650, 719, 711, 646]
[302, 257, 769, 52, 156, 213, 277]
[303, 646, 772, 596, 486, 112, 653]
[304, 317, 306, 231, 774, 722, 231]
[305, 737, 590, 536, 558, 378, 590]
[306, 304, 231, 317, 297, 324, 557]
[307, 59, 518, 20, 686, 137, 336]
[308, 755, 773, 692, 448, 757, 624]
[309, 530, 533, 420, 259, 669, 369]
[310, 462, 655, 568, 131, 462, 606]
[311, 447, 176, 671, 419, 458, 141]
[312, 227, 657, 196, 781, 250, 725]
[313, 261, 508, 596, 248, 194, 403]
[314, 336, 272, 296, 102, 534, 207]
[315, 18, 402, 780, 223, 383, 568]
[316, 669, 46, 79, 684, 626, 751]
[317, 304, 231, 306, 108, 1, 615]
[318, 528, 379, 141, 644, 55, 356]
[319, 455, 95, 145, 670, 779, 130]
[320, 351, 435, 4, 668, 274, 675]
[321, 438, 176, 594, 780, 749, 419]
[322, 306, 304, 317, 12, 411, 8]
[323, 443, 296, 54, 569, 389, 400]
[324, 388, 204, 179, 297, 306, 399]
[325, 454, 780, 15, 633, 738, 430]
[326, 511, 20, 518, 57, 33, 136]
[327, 274, 538, 275, 417, 762, 216]
[328, 299, 750, 534, 31, 529, 188]
[329, 585, 171, 494, 89, 424, 638]
[330, 474, 527, 125, 154, 733, 564]
[331, 709, 459, 62, 93, 186, 198]
[332, 144, 65, 697, 742, 167, 269]
[333, 778, 481, 767, 657, 692, 81]
[334, 262, 21, 641, 786, 258, 135]
[335, 198, 785, 15, 206, 167, 772]
[336, 296, 314, 272, 137, 177, 191]
[337, 399, 221, 616, 242, 221, 573]
[338, 68, 283, 479, 62, 736, 433]
[339, 161, 427, 181, 620, 757, 382]
[340, 301, 583, 486, 646, 711, 719]
[341, 8, 410, 389, 553, 622, 590]
[342, 614, 738, 256, 611, 44, 549]
[343, 258, 546, 159, 134, 660, 538]
[344, 295, 173, 113, 121, 591, 270]
[345, 375, 688, 406, 406, 70, 163]
[346, 605, 602, 676, 524, 210, 555]
[347, 16, 160, 409, 580, 184, 97]
[348, 88, 675, 621, 313, 248, 607]
[349, 809, 524, 551, 440, 526, 157]
[350, 371, 263, 58, 243, 14, 126]
[351, 729, 435, 4, 631, 4, 78]
[352, 228, 724, 672, 275, 538, 258]
[353, 20, 511, 326, 373, 791, 673]
[354, 762, 790, 82, 267, 672, 82]
[355, 289, 744, 696, 702, 24, 205]
[356, 620, 747, 338, 701, 144, 318]
[357, 499, 529, 373, 3, 597, 432]
[358, 147, 74, 26, 169, 84, 716]
[359, 284, 424, 391, 187, 807, 509]
[360, 644, 186, 235, 472, 671, 635]
[361, 776, 473, 636, 453, 525, 683]
[362, 377, 39, 442, 293, 500, 50]
[363, 12, 665, 656, 59, 436, 119]
[364, 398, 117, 394, 697, 592, 11]
[365, 535, 672, 228, 28, 544, 507]
[366, 221, 138, 557, 578, 35, 547]
[367, 199, 210, 387, 772, 477, 335]
[368, 663, 146, 752, 734, 106, 226]
[369, 271, 507, 225, 669, 309, 259]
[370, 157, 642, 801, 405, 237, 708]
[371, 782, 263, 131, 387, 793, 550]
[372, 111, 173, 344, 175, 231, 722]
[373, 584, 763, 771, 791, 353, 673]
[374, 589, 746, 158, 568, 223, 315]
[375, 345, 688, 423, 621, 58, 34]
[376, 431, 746, 735, 277, 229, 53]
[377, 39, 362, 702, 410, 685, 140]
[378, 200, 113, 344, 590, 305, 622]
[379, 318, 762, 268, 602, 649, 105]
[380, 85, 264, 414, 490, 161, 193]
[381, 496, 239, 624, 264, 693, 142]
[382, 185, 448, 56, 471, 620, 339]
[383, 680, 520, 551, 315, 223, 144]
[384, 806, 41, 153, 437, 598, 170]
[385, 770, 652, 428, 78, 503, 192]
[386, 693, 468, 695, 148, 561, 740]
[387, 465, 649, 367, 550, 371, 477]
[388, 324, 2, 204, 90, 777, 36]
[389, 8, 279, 341, 400, 665, 323]
[390, 53, 214, 545, 42, 648, 560]
[391, 419, 483, 69, 201, 690, 125]
[392, 770, 652, 385, 470, 687, 459]
[393, 627, 30, 233, 507, 763, 298]
[394, 117, 364, 260, 434, 65, 647]
[395, 681, 701, 541, 407, 73, 612]
[396, 94, 124, 544, 534, 314, 102]
[397, 55, 17, 5, 447, 689, 17]
[398, 364, 117, 394, 301, 719, 711]
[399, 616, 221, 337, 38, 132, 324]
[400, 569, 411, 174, 389, 665, 323]
[401, 630, 786, 643, 574, 129, 464]
[402, 780, 412, 315, 438, 141, 458]
[403, 194, 464, 574, 194, 444, 248]
[404, 167, 235, 360, 159, 265, 172]
[405, 788, 408, 508, 708, 370, 6]
[406, 688, 218, 116, 345, 70, 163]
[407, 784, 287, 254, 395, 73, 77]
[408, 508, 788, 596, 588, 491, 743]
[409, 726, 445, 149, 726, 809, 88]
[410, 341, 32, 8, 377, 685, 140]
[411, 143, 119, 400, 12, 322, 761]
[412, 246, 454, 98, 560, 42, 430]
[413, 689, 741, 472, 575, 767, 227]
[414, 452, 563, 380, 239, 26, 505]
[415, 664, 203, 52, 522, 56, 497]
[416, 519, 501, 422, 273, 162, 217]
[417, 495, 184, 721, 327, 762, 216]
[418, 290, 727, 757, 579, 705, 290]
[419, 391, 483, 237, 749, 311, 321]
[420, 309, 533, 530, 133, 794, 630]
[421, 501, 519, 24, 91, 27, 47]
[422, 599, 416, 535, 508, 127, 790]
[423, 350, 375, 782, 745, 747, 14]
[424, 564, 69, 429, 89, 329, 99]
[425, 161, 339, 734, 707, 695, 798]
[426, 192, 122, 28, 571, 345, 406]
[427, 181, 625, 249, 185, 181, 800]
[428, 651, 385, 285, 262, 109, 133]
[429, 284, 598, 424, 284, 489, 234]
[430, 190, 661, 49, 738, 633, 325]
[431, 746, 376, 374, 286, 197, 478]
[432, 765, 686, 682, 597, 357, 3]
[433, 633, 465, 383, 62, 338, 736]
[434, 642, 526, 157, 394, 65, 647]
[435, 4, 729, 743, 480, 4, 351]
[436, 23, 703, 667, 59, 363, 119]
[437, 282, 624, 250, 598, 170, 384]
[438, 254, 321, 287, 141, 458, 402]
[439, 608, 215, 694, 171, 227, 150]
[440, 495, 276, 649, 172, 349, 265]
[441, 88, 512, 348, 731, 729, 629]
[442, 362, 121, 377, 573, 304, 337]
[443, 500, 323, 29, 667, 39, 341]
[444, 480, 607, 14, 403, 194, 248]
[445, 726, 628, 409, 105, 602, 379]
[446, 30, 627, 218, 704, 83, 456]
[447, 176, 671, 311, 397, 556, 689]
[448, 226, 185, 757, 308, 757, 624]
[449, 40, 595, 584, 61, 753, 634]
[450, 251, 555, 126, 236, 512, 649]
[451, 66, 785, 719, 300, 764, 652]
[452, 563, 414, 664, 727, 640, 282]
[453, 531, 540, 27, 361, 525, 776]
[454, 412, 246, 98, 268, 257, 455]
[455, 319, 609, 95, 257, 268, 594]
[456, 723, 211, 195, 218, 704, 446]
[457, 647, 792, 764, 768, 647, 802]
[458, 257, 128, 229, 141, 438, 402]
[459, 6, 331, 709, 699, 681, 470]
[460, 80, 132, 400, 476, 492, 759]
[461, 607, 649, 210, 582, 192, 503]
[462, 42, 310, 568, 606, 131, 310]
[463, 712, 54, 473, 543, 765, 518]
[464, 574, 194, 403, 599, 574, 401]
[465, 387, 433, 367, 18, 603, 178]
[466, 793, 764, 792, 551, 789, 60]
[467, 91, 120, 44, 645, 600, 678]
[468, 386, 142, 84, 740, 561, 386]
[469, 795, 567, 566, 609, 255, 545]
[470, 72, 592, 197, 392, 459, 699]
[471, 693, 741, 386, 382, 620, 339]
[472, 689, 768, 126, 635, 189, 360]
[473, 361, 463, 712, 570, 136, 516]
[474, 330, 493, 239, 664, 151, 625]
[475, 226, 448, 382, 542, 479, 691]
[476, 9, 138, 557, 460, 492, 759]
[477, 671, 269, 447, 367, 772, 550]
[478, 606, 240, 559, 197, 581, 483]
[479, 22, 283, 256, 542, 475, 691]
[480, 14, 444, 265, 435, 4, 351]
[481, 778, 690, 333, 502, 735, 52]
[482, 98, 246, 638, 694, 253, 208]
[483, 391, 419, 69, 661, 581, 478]
[484, 209, 183, 261, 637, 449, 61]
[485, 213, 787, 118, 655, 523, 281]
[486, 340, 103, 194, 303, 112, 653]
[487, 541, 681, 348, 157, 526, 251]
[488, 562, 223, 197, 118, 545, 756]
[489, 376, 156, 735, 284, 234, 429]
[490, 796, 542, 290, 380, 161, 193]
[491, 78, 112, 697, 408, 588, 743]
[492, 537, 270, 76, 759, 616, 460]
[493, 527, 496, 330, 755, 732, 505]
[494, 585, 717, 329, 63, 333, 657]
[495, 417, 276, 440, 16, 224, 48]
[496, 493, 527, 707, 85, 796, 226]
[497, 659, 151, 154, 773, 415, 522]
[498, 162, 267, 630, 162, 273, 416]
[499, 357, 529, 703, 54, 272, 207]
[500, 29, 38, 443, 293, 362, 616]
[501, 519, 678, 421, 565, 96, 513]
[502, 509, 545, 53, 481, 735, 52]
[503, 743, 4, 435, 192, 582, 385]
[504, 645, 279, 600, 10, 296, 682]
[505, 107, 758, 494, 26, 414, 239]
[506, 611, 776, 636, 511, 220, 677]
[507, 369, 271, 677, 393, 763, 298]
[508, 408, 788, 596, 422, 127, 790]
[509, 502, 638, 41, 807, 187, 359]
[510, 727, 196, 418, 41, 659, 151]
[511, 326, 353, 20, 220, 506, 677]
[512, 441, 628, 88, 236, 450, 649]
[513, 57, 244, 174, 710, 120, 96]
[514, 119, 204, 143, 593, 200, 299]
[515, 61, 791, 674, 535, 771, 595]
[516, 639, 543, 165, 20, 570, 473]
[517, 577, 114, 108, 577, 100, 101]
[518, 20, 326, 87, 765, 463, 543]
[519, 501, 678, 421, 120, 710, 513]
[520, 11, 680, 383, 199, 5, 266]
[521, 141, 618, 528, 748, 215, 566]
[522, 234, 151, 733, 56, 741, 415]
[523, 150, 657, 56, 281, 485, 98]
[524, 349, 551, 809, 346, 555, 210]
[525, 516, 165, 247, 683, 20, 361]
[526, 799, 86, 802, 157, 487, 349]
[527, 493, 741, 330, 145, 758, 766]
[528, 141, 318, 93, 730, 548, 176]
[529, 499, 682, 703, 188, 328, 31]
[530, 533, 309, 684, 116, 183, 724]
[531, 540, 27, 453, 744, 696, 174]
[532, 163, 110, 222, 651, 369, 669]
[533, 530, 309, 420, 532, 651, 369]
[534, 750, 299, 328, 396, 314, 102]
[535, 365, 7, 453, 515, 71, 549]
[536, 590, 622, 51, 140, 537, 685]
[537, 492, 270, 76, 204, 536, 140]
[538, 238, 275, 327, 275, 352, 258]
[539, 259, 621, 675, 271, 21, 498]
[540, 27, 182, 531, 289, 750, 543]
[541, 681, 395, 701, 398, 793, 301]
[542, 490, 85, 796, 475, 479, 691]
[543, 639, 516, 696, 463, 765, 518]
[544, 124, 82, 651, 572, 285, 365]
[545, 53, 214, 390, 488, 118, 609]
[546, 64, 653, 159, 126, 243, 350]
[547, 35, 722, 573, 114, 578, 1]
[548, 736, 690, 778, 528, 730, 176]
[549, 673, 136, 233, 71, 44, 535]
[550, 748, 95, 609, 387, 477, 371]
[551, 349, 524, 809, 466, 789, 60]
[552, 700, 128, 458, 715, 754, 610]
[553, 294, 205, 3, 622, 590, 378]
[554, 92, 713, 762, 761, 703, 143]
[555, 450, 251, 126, 524, 583, 346]
[556, 754, 186, 235, 739, 232, 447]
[557, 138, 9, 476, 92, 111, 306]
[558, 270, 296, 336, 305, 295, 378]
[559, 606, 478, 178, 128, 240, 805]
[560, 280, 730, 199, 412, 42, 390]
[561, 63, 187, 142, 386, 148, 740]
[562, 488, 468, 142, 249, 797, 494]
[563, 452, 664, 415, 741, 56, 522]
[564, 424, 69, 429, 330, 154, 733]
[565, 570, 285, 702, 501, 96, 513]
[566, 567, 196, 510, 717, 767, 521]
[567, 566, 469, 196, 288, 679, 196]
[568, 168, 644, 310, 374, 223, 315]
[569, 400, 411, 174, 323, 45, 389]
[570, 565, 285, 702, 473, 136, 516]
[571, 25, 641, 666, 426, 345, 406]
[572, 636, 611, 309, 285, 634, 753]
[573, 777, 722, 737, 337, 242, 221]
[574, 464, 194, 403, 464, 401, 599]
[575, 778, 690, 481, 413, 227, 171]
[576, 152, 617, 730, 22, 212, 215]
[577, 35, 547, 517, 517, 101, 100]
[578, 1, 337, 108, 366, 547, 114]
[579, 586, 203, 755, 705, 418, 290]
[580, 225, 271, 58, 347, 721, 619]
[581, 130, 214, 390, 478, 483, 197]
[582, 641, 25, 714, 461, 192, 503]
[583, 301, 103, 340, 596, 555, 524]
[584, 763, 40, 449, 165, 637, 233]
[585, 329, 494, 717, 99, 608, 424]
[586, 579, 203, 755, 290, 107, 705]
[587, 164, 792, 764, 610, 715, 291]
[588, 236, 408, 86, 408, 491, 251]
[589, 374, 158, 662, 158, 681, 699]
[590, 622, 536, 305, 378, 622, 553]
[591, 713, 33, 554, 113, 32, 344]
[592, 470, 129, 197, 11, 364, 697]
[593, 761, 71, 133, 514, 200, 299]
[594, 321, 176, 156, 648, 455, 257]
[595, 40, 449, 584, 771, 211, 40]
[596, 788, 508, 408, 583, 555, 524]
[597, 292, 634, 139, 432, 357, 3]
[598, 284, 429, 193, 437, 170, 806]
[599, 228, 672, 365, 464, 574, 25]
[600, 137, 504, 279, 645, 467, 87]
[601, 232, 397, 118, 805, 559, 402]
[602, 808, 346, 248, 379, 649, 105]
[603, 178, 240, 711, 235, 782, 465]
[604, 679, 783, 255, 13, 735, 481]
[605, 346, 676, 745, 445, 105, 602]
[606, 478, 240, 559, 462, 131, 310]
[607, 461, 444, 210, 276, 122, 641]
[608, 439, 215, 75, 585, 99, 359]
[609, 748, 455, 550, 469, 545, 255]
[610, 612, 661, 340, 587, 715, 291]
[611, 506, 636, 776, 342, 353, 44]
[612, 610, 661, 340, 73, 252, 784]
[613, 678, 104, 622, 37, 775, 279]
[614, 95, 319, 342, 225, 228, 619]
[615, 774, 553, 113, 372, 175, 317]
[616, 399, 221, 299, 759, 492, 460]
[617, 152, 576, 560, 123, 250, 781]
[618, 725, 521, 359, 632, 655, 485]
[619, 134, 248, 808, 721, 228, 225]
[620, 356, 338, 283, 339, 382, 757]
[621, 675, 348, 539, 375, 58, 34]
[622, 590, 536, 140, 553, 590, 378]
[623, 188, 703, 23, 119, 200, 514]
[624, 239, 437, 282, 107, 586, 290]
[625, 81, 427, 249, 664, 474, 563]
[626, 660, 224, 70, 751, 684, 316]
[627, 393, 30, 446, 298, 209, 763]
[628, 445, 512, 726, 785, 117, 149]
[629, 243, 668, 789, 729, 731, 441]
[630, 162, 401, 498, 110, 794, 420]
[631, 224, 660, 65, 78, 385, 503]
[632, 717, 585, 171, 618, 190, 655]
[633, 433, 680, 383, 738, 430, 325]
[634, 273, 109, 110, 753, 61, 449]
[635, 223, 768, 689, 189, 472, 360]
[636, 611, 572, 506, 233, 124, 40]
[637, 44, 120, 347, 484, 584, 165]
[638, 482, 800, 509, 230, 75, 733]
[639, 543, 516, 696, 712, 292, 195]
[640, 800, 153, 638, 727, 452, 282]
[641, 25, 714, 582, 122, 276, 160]
[642, 434, 157, 370, 802, 457, 768]
[643, 276, 809, 349, 238, 16, 495]
[644, 186, 360, 556, 55, 318, 198]
[645, 504, 247, 279, 467, 600, 678]
[646, 772, 303, 596, 340, 711, 719]
[647, 457, 729, 792, 768, 457, 65]
[648, 277, 281, 212, 594, 455, 257]
[649, 210, 461, 387, 379, 602, 450]
[650, 301, 610, 340, 709, 680, 374]
[651, 428, 385, 544, 369, 669, 532]
[652, 770, 300, 392, 792, 300, 451]
[653, 64, 546, 18, 86, 112, 303]
[654, 13, 190, 49, 778, 52, 502]
[655, 310, 462, 42, 485, 523, 618]
[656, 759, 363, 12, 737, 9, 204]
[657, 150, 312, 56, 333, 692, 81]
[658, 106, 803, 748, 146, 798, 425]
[659, 497, 151, 154, 510, 429, 41]
[660, 224, 631, 70, 134, 129, 343]
[661, 49, 190, 430, 483, 581, 478]
[662, 158, 178, 711, 782, 235, 168]
[663, 368, 146, 716, 74, 147, 146]
[664, 415, 203, 563, 625, 474, 151]
[665, 12, 363, 775, 400, 143, 703]
[666, 571, 43, 25, 30, 241, 674]
[667, 204, 436, 23, 39, 443, 115]
[668, 67, 629, 243, 320, 274, 675]
[669, 316, 46, 97, 369, 309, 259]
[670, 749, 291, 715, 779, 319, 130]
[671, 477, 447, 269, 360, 472, 168]
[672, 228, 724, 352, 267, 354, 82]
[673, 549, 136, 233, 244, 791, 373]
[674, 751, 184, 684, 728, 43, 202]
[675, 621, 348, 539, 274, 163, 70]
[676, 745, 605, 406, 799, 103, 461]
[677, 744, 507, 696, 220, 244, 511]
[678, 613, 104, 501, 219, 467, 645]
[679, 604, 81, 249, 69, 720, 150]
[680, 383, 520, 551, 709, 650, 374]
[681, 541, 701, 395, 699, 589, 459]
[682, 529, 432, 765, 296, 10, 504]
[683, 220, 710, 96, 525, 20, 361]
[684, 751, 530, 533, 626, 751, 316]
[685, 32, 341, 8, 410, 377, 140]
[686, 432, 765, 143, 137, 307, 336]
[687, 719, 451, 66, 266, 392, 470]
[688, 406, 345, 218, 46, 621, 375]
[689, 472, 768, 413, 17, 15, 397]
[690, 548, 778, 481, 125, 201, 391]
[691, 740, 264, 278, 479, 542, 475]
[692, 773, 118, 99, 657, 333, 81]
[693, 471, 386, 695, 142, 193, 264]
[694, 215, 439, 229, 482, 253, 208]
[695, 386, 84, 804, 803, 707, 425]
[696, 543, 744, 639, 744, 174, 531]
[697, 65, 742, 332, 364, 592, 117]
[698, 705, 333, 767, 203, 806, 153]
[699, 5, 55, 397, 459, 681, 589]
[700, 552, 128, 458, 291, 15, 587]
[701, 266, 681, 395, 144, 356, 383]
[702, 565, 570, 467, 355, 205, 24]
[703, 23, 436, 529, 143, 554, 665]
[704, 768, 126, 472, 446, 456, 218]
[705, 698, 170, 333, 579, 418, 290]
[706, 782, 739, 131, 280, 72, 754]
[707, 496, 493, 381, 425, 695, 798]
[708, 149, 19, 409, 6, 405, 370]
[709, 331, 62, 459, 680, 650, 374]
[710, 96, 683, 760, 120, 513, 96]
[711, 178, 802, 662, 646, 340, 719]
[712, 463, 473, 47, 639, 292, 195]
[713, 591, 554, 704, 23, 8, 322]
[714, 105, 641, 785, 180, 743, 491]
[715, 749, 291, 670, 610, 587, 552]
[716, 663, 381, 624, 84, 358, 169]
[717, 585, 494, 632, 566, 767, 521]
[718, 300, 155, 652, 149, 628, 785]
[719, 687, 451, 66, 301, 711, 646]
[720, 208, 633, 766, 150, 69, 439]
[721, 267, 498, 417, 619, 228, 225]
[722, 573, 777, 547, 231, 774, 175]
[723, 456, 211, 195, 222, 426, 571]
[724, 672, 228, 753, 183, 259, 309]
[725, 618, 359, 284, 312, 781, 564]
[726, 445, 409, 160, 409, 88, 809]
[727, 418, 290, 510, 640, 452, 282]
[728, 129, 33, 133, 43, 202, 674]
[729, 435, 4, 351, 629, 731, 441]
[730, 280, 152, 560, 528, 548, 176]
[731, 172, 237, 790, 729, 629, 441]
[732, 145, 798, 738, 755, 493, 505]
[733, 288, 545, 522, 154, 330, 75]
[734, 153, 640, 384, 368, 106, 226]
[735, 431, 376, 478, 481, 604, 502]
[736, 548, 690, 793, 338, 62, 254]
[737, 305, 536, 590, 656, 9, 270]
[738, 22, 256, 732, 430, 633, 325]
[739, 189, 206, 706, 232, 556, 784]
[740, 691, 264, 203, 561, 386, 148]
[741, 527, 471, 493, 56, 522, 563]
[742, 77, 697, 65, 269, 332, 158]
[743, 4, 729, 435, 180, 714, 491]
[744, 289, 677, 696, 531, 696, 174]
[745, 676, 605, 406, 423, 747, 103]
[746, 374, 431, 589, 287, 240, 128]
[747, 356, 797, 620, 745, 423, 103]
[748, 609, 550, 455, 521, 215, 566]
[749, 670, 291, 715, 321, 780, 419]
[750, 534, 328, 299, 289, 540, 3]
[751, 684, 530, 674, 626, 684, 316]
[752, 123, 250, 781, 81, 692, 657]
[753, 724, 453, 549, 634, 61, 449]
[754, 556, 235, 286, 552, 280, 706]
[755, 308, 773, 586, 732, 493, 505]
[756, 187, 253, 72, 118, 488, 545]
[757, 290, 418, 796, 308, 448, 339]
[758, 107, 494, 505, 766, 185, 527]
[759, 656, 297, 363, 616, 492, 460]
[760, 710, 96, 683, 292, 712, 639]
[761, 593, 71, 614, 554, 411, 703]
[762, 379, 354, 318, 216, 417, 327]
[763, 584, 449, 40, 298, 627, 393]
[764, 792, 457, 647, 451, 300, 652]
[765, 432, 686, 682, 518, 463, 543]
[766, 720, 633, 208, 758, 185, 427]
[767, 164, 481, 778, 717, 566, 413]
[768, 472, 689, 635, 647, 457, 65]
[769, 302, 257, 52, 787, 13, 604]
[770, 652, 392, 385, 66, 718, 149]
[771, 241, 373, 298, 595, 211, 40]
[772, 646, 303, 407, 367, 335, 206]
[773, 692, 608, 755, 497, 415, 522]
[774, 615, 553, 294, 722, 231, 175]
[775, 665, 102, 12, 37, 279, 613]
[776, 506, 611, 636, 245, 453, 361]
[777, 573, 722, 737, 90, 36, 388]
[778, 481, 690, 333, 654, 52, 502]
[779, 166, 144, 213, 670, 130, 319]
[780, 402, 412, 454, 321, 749, 419]
[781, 250, 282, 437, 312, 250, 725]
[782, 371, 131, 706, 235, 662, 603]
[783, 255, 201, 604, 795, 208, 253]
[784, 407, 287, 254, 252, 232, 739]
[785, 66, 451, 105, 117, 628, 149]
[786, 401, 630, 180, 334, 258, 135]
[787, 213, 89, 99, 769, 13, 604]
[788, 596, 508, 408, 95, 86, 68]
[789, 699, 5, 243, 466, 551, 60]
[790, 93, 731, 354, 809, 422, 508]
[791, 61, 515, 220, 373, 673, 244]
[792, 764, 457, 647, 652, 300, 451]
[793, 269, 466, 477, 371, 541, 387]
[794, 97, 464, 574, 630, 110, 420]
[795, 469, 769, 563, 783, 152, 208]
[796, 490, 290, 757, 85, 226, 106]
[797, 127, 747, 356, 562, 249, 773]
[798, 803, 732, 145, 658, 425, 707]
[799, 526, 238, 538, 103, 747, 745]
[800, 153, 41, 638, 181, 234, 489]
[801, 291, 73, 370, 77, 680, 709]
[802, 86, 236, 711, 642, 457, 768]
[803, 798, 106, 145, 695, 707, 425]
[804, 84, 695, 468, 278, 169, 358]
[805, 72, 253, 756, 601, 559, 402]
[806, 384, 41, 153, 170, 598, 437]
[807, 787, 89, 213, 509, 187, 359]
[808, 248, 602, 134, 160, 641, 122]
[809, 349, 276, 524, 790, 409, 726]
